1
2
3
4
5
6
7
8
9
10
11
12
13
14
15
16
17
18
19
20
21
22
23
24
25
26
27
28
29
30
31
32
33
34
35
36
37
38
39
40
41
42
43
44
45
46
47
48
49
50
52
53
54
55
57
58
59
60
61
62
63
64
65
66
67
68
69
70
71
72
73
74
75
76
77
78
79
80
81
82
83
84
85
86
87
88
89
90
92
93
94
95
96
97
98
99
100
101
102
103
104
105
106
107
108
110
111
112
113
114
115
116
117
118
119
120
121
122
123
124
125
126
127
128
129
130
131
132
134
135
136
137
138
139
140
141
142
144
145
146
147
148
149
150
151
152
153
154
155
156
157
158
159
160
161
162
163
164
165
166
167
168
169
170
171
172
173
174
175
176
177
178
179
180
181
182
183
184
185
186
187
188
189
190
191
192
193
194
195
196
197
198
199
200
201
202
203
204
205
206
207
208
209
210
211
212
213
214
215
216
217
218
219
220
222
223
224
225
227
228
229
230
231
232
233
234
235
236
237
238
239
240
241
242
243
244
245
246
247
248
249
250
251
252
253
254
255
256
257
258
259
260
261
262
263
264
265
266
267
268
269
270
271
272
273
274
275
276
277
278
279
280
281
282
283
284
285
286
287
288
289
290
291
292
293
294
295
296
297
298
299
300
301
302
303
304
305
306
307
308
309
310
311
312
313
314
315
316
317
318
319
320
321
322
324
325
326
327
328
329
330
331
332
333
334
335
336
337
338
339
340
341
342
343
344
345
346
347
348
349
350
351
352
353
354
355
356
357
358
359
360
361
362
363
364
365
366
367
368
369
370
371
372
373
374
375
376
377
378
379
380
381
382
383
384
385
386
387
388
389
390
391
392
393
394
397
398
402
404
405
406
407
408
409
410
411
412
413
414
415
416
417
418
419
420
421
422
423
424
425
426
427
428
429
430
431
432
433
434
435
436
437
438
440
441
442
443
444
445
446
447
448
449
450
451
452
453
454
455
456
457
458
459
460
461
462
463
464
465
466
467
468
469
470
471
472
473
474
475
476
477
478
479
480
481
482
483
484
485
486
487
488
489
490
491
492
493
494
495
496
497
498
499
500
501
502
503
504
505
506
507
508
509
510
511
512
513
514
515
516
517
518
519
520
521
522
523
524
525
526
527
528
529
530
531
532
533
534
535
536
537
538
539
540
541
542
543
544
546
547
548
549
550
551
552
553
554
555
556
558
559
560
561
562
563
564
565
566
567
568
569
570
571
573
574
575
577
580
581
582
583
585
586
587
588
589
590
592
593
594
595
596
597
598
599
600
601
602
603
605
606
608
609
610
611
612
613
614
615
616
617
618
619
620
621
623
625
626
627
628
629
630
631
632
633
634
635
636
637
638
639
640
641
645
647
648
649
650
652
653
656
658
659
660
661
662
663
664
665
666
667
668
670
671
673
674
678
679
680
681
682
685
687
688
690
691
692
694
695
696
697
698
700
701
702
703
704
705
706
707
708
709
710
711
712
713
714
715
716
717
718
719
720
722
723
724
725
726
727
728
729
730
731
732
733
735
736
737
741
742
743
744
745
746
747
748
750
751
752
753
754
755
756
757
759
760
761
762
763
764
765
766
767
768
769
771
772
773
775
776
778
779
780
781
782
783
784
785
786
787
788
789
790
791
792
793
794
795
796
797
798
799
800
801
802
803
804
805
806
807
808
809
810
813
816
818
819
820
821
822
823
824
827
828
829
830
831
832
833
834
835
836
837
838
839
840
841
842
843
844
845
846
847
848
849
850
851
852
853
854
856
857
858
860
861
862
864
865
866
867
868
869
870
871
872
873
874
875
876
877
879
880
881
882
884
885
886
887
888
889
891
892
893
895
896
897
898
899
900
901
902
903
904
905
906
907
908
909
910
911
912
913
914
915
916
917
918
919
920
921
922
923
924
925
926
927
928
929
930
931
932
933
934
935
936
937
938
939
940
941
942
943
944
945
946
947
948
949
950
951
952
953
954
955
956
957
958
959
960
961
962
963
964
965
966
967
968
969
970
971
972
973
974
976
979
980
981
982
984
985
986
987
988
989
990
991
992
993
994
996
997
998
999
1000
1002
1003
1004
1005
1006
1007
1008
1009
1010
1011
1012
1013
1014
1015
1016
1017
1018
1019
1020
1021
1022
1023
1024
1025
1026
1027
1028
1029
1030
1031
1032
1033
1034
1035
1036
1037
1038
1039
1040
1041
1042
1043
1044
1045
1046
1047
1049
1050
1051
1052
1053
1054
1055
1056
1057
1058
1059
1060
1061
1062
1063
1064
1066
1067
1068
1069
1070
1071
1073
1075
1076
1077
1078
1079
1080
1081
1082
1083
1084
1085
1086
1087
1088
1089
1090
1091
1092
1093
1094
1095
1096
1097
1098
1099
1100
1101
1102
1103
1104
1105
1111
1112
1113
1114
1115
1116
1117
1118
1119
1120
1121
1123
1124
1125
1126
1127
1128
1129
1130
1131
1132
1133
1134
1135
1136
1137
1138
1139
1140
1142
1143
1144
1145
1146
1147
1148
1149
1150
1151
1152
1153
1154
1156
1157
1160
1161
1162
1163
1164
1165
1166
1167
1168
1169
1170
1171
1172
1173
1174
1175
1176
1177
1178
1179
1180
1181
1183
1184
1185
1186
1187
1188
1189
1190
1191
1192
1193
1194
1196
1197
1198
1199
1200
1201
1202
1203
1204
1206
1207
1208
1209
1210
1211
1212
1213
1214
1215
1216
1217
1218
1219
1220
1221
1222
1223
1224
1225
1226
1227
1228
1230
1231
1232
1233
1234
1235
1236
1237
1238
1240
1241
1242
1243
1244
1245
1246
1247
1248
1249
1250
1251
1252
1253
1254
1255
1256
1257
1258
1259
1260
1261
1262
1263
1264
1265
1266
1267
1268
1269
1270
1271
1272
1273
1274
1275
1276
1277
1278
1279
1280
1281
1282
1283
1284
1285
1286
1287
1288
1289
1290
1291
1292
1293
1295
1296
1297
1298
1299
1300
1301
1302
1303
1304
1305
1306
1307
1309
1310
1311
1312
1313
1314
1315
1316
1317
1318
1319
1320
1321
1322
1323
1324
1325
1326
1327
1328
1329
1330
1331
1332
1333
1334
1335
1336
1337
1339
1340
1341
1342
1343
1344
1345
1346
1347
1348
1349
1350
1351
1352
1353
1354
1355
1356
1357
1358
1359
1360
1361
1363
1364
1365
1366
1367
1368
1369
1370
1371
1372
1373
1374
1375
1376
1377
1378
1379
1380
1381
1382
1383
1384
1385
1387
1388
1389
1390
1391
1392
1393
1394
1395
1396
1397
1398
1399
1400
1401
1404
1405
1406
1407
1408
1409
1410
1411
1412
1413
1414
1415
1416
1417
1419
1420
1421
1422
1423
1425
1426
1427
1428
1429
1430
1431
1432
1433
1434
1436
1437
1438
1439
1440
1441
1442
1443
1444
1445
1446
1447
1448
1449
1450
1453
1454
1455
1456
1457
1458
1459
1460
1461
1463
1464
1465
1466
1467
1468
1470
1471
1472
1473
1474
1475
1476
1477
1479
1480
1482
1483
1484
1485
1486
1487
1488
1489
1490
1493
1495
1496
1497
1498
1499
1500
1501
1502
1503
1504
1507
1508
1509
1511
1513
1514
1515
1516
1517
1518
1519
1520
1523
1525
1526
1527
1529
1531
1533
1534
1535
1537
1538
1539
1541
1542
1543
1544
1545
1546
1547
1548
1549
1550
1551
1552
1553
1554
1555
1556
1561
1562
1563
1564
1565
1566
1567
1569
1570
1571
1572
1573
1574
1575
1577
1579
1580
1581
1582
1583
1584
1585
1586
1587
1588
1589
1590
1591
1592
1593
1594
1595
1596
1597
1598
1599
1600
1601
1602
1603
1604
1605
1606
1608
1609
1610
1611
1612
1613
1614
1615
1616
1617
1619
1620
1621
1623
1624
1625
1626
1627
1629
1631
1632
1633
1635
1636
1639
1640
1641
1642
1643
1644
1645
1646
1647
1648
1649
1650
1651
1652
1653
1654
1655
1656
1657
1658
1659
1660
1661
1662
1663
1664
1665
1666
1667
1668
1669
1670
1671
1672
1673
1674
1675
1676
1677
1678
1679
1680
1681
1682
1683
1684
1685
1686
1687
1688
1689
1690
1692
1693
1694
1695
1696
1698
1699
1701
1702
1703
1704
1707
1711
1713
1715
1717
1718
1719
1721
1722
1723
1724
1725
1726
1727
1728
1729
1730
1731
1732
1733
1734
1735
1739
1743
1744
1746
1747
1748
1749
1750
1752
1753
1754
1755
1756
1757
1759
1760
1762
1767
1768
1769
1770
1771
1772
1773
1777
1779
1780
1782
1783
1784
1785
1787
1788
1791
1792
1793
1794
1795
1797
1798
1799
1801
1804
1805
1806
1807
1809
1810
1811
1812
1814
1816
1817
1819
1820
1821
1822
1824
1825
1826
1827
1829
1831
1833
1834
1835
1836
1837
1839
1840
1841
1844
1845
1846
1848
1850
1853
1854
1855
1856
1857
1858
1859
1860
1861
1862
1863
1864
1865
1866
1867
1869
1870
1871
1872
1873
1874
1875
1876
1877
1878
1879
1880
1881
1882
1883
1884
1885
1887
1888
1889
1890
1891
1892
1893
1894
1895
1896
1897
1898
1899
1900
1901
1902
1903
1904
1905
1906
1907
1909
1910
1911
1912
1913
1914
1916
1917
1918
1919
1920
1921
1922
1923
1924
1925
1926
1927
1928
1929
1930
1931
1932
1933
1934
1935
1936
1937
1938
1939
1940
1941
1942
1943
1944
1945
1946
1947
1948
1949
1950
1951
1952
1953
1954
1955
1956
1957
1958
1959
1960
1961
1962
1963
1964
1965
1966
1967
1968
1969
1970
1971
1972
1973
1974
1975
1976
1977
1978
1979
1980
1981
1982
1983
1984
1985
1986
1987
1988
1989
1991
1992
1993
1994
1995
1996
1997
1998
1999
2000
2001
2002
2003
2004
2005
2006
2007
2008
2009
2010
2011
2012
2013
2014
2015
2016
2017
2018
2019
2020
2021
2022
2023
2024
2025
2026
2027
2028
2029
2030
2031
2032
2033
2034
2035
2036
2037
2038
2039
2040
2041
2042
2043
2044
2045
2046
2047
2048
2049
2050
2051
2052
2053
2054
2055
2056
2057
2058
2059
2060
2061
2062
2063
2064
2065
2066
2067
2068
2069
2070
2071
2072
2073
2074
2075
2076
2077
2078
2079
2080
2081
2082
2083
2084
2085
2086
2087
2088
2089
2090
2091
2092
2093
2094
2095
2096
2097
2098
2099
2100
2101
2102
2103
2104
2105
2106
2107
2108
2109
2110
2111
2112
2113
2114
2115
2116
2117
2118
2119
2120
2121
2122
2123
2124
2125
2126
2127
2128
2129
2130
2131
2132
2133
2134
2135
2136
2137
2138
2139
2140
2141
2142
2143
2144
2145
2146
2147
2148
2149
2150
2151
2152
2153
2154
2155
2156
2157
2158
2159
2160
2161
2162
2163
2164
2165
2166
2167
2168
2169
2170
2171
2172
2173
2174
2175
2176
2177
2178
2179
2180
2181
2182
2183
2184
2185
2186
2187
2188
2189
2190
2191
2192
2193
2194
2195
2196
2197
2198
2199
2200
2201
2202
2203
2204
2205
2206
2207
2208
2209
2210
2211
2212
2214
2215
2219
2221
2226
2227
2231
2232
2233
2234
2236
2237
2238
2239
2240
2241
2243
2245
2246
2247
2248
2249
2250
2252
2253
2255
2256
2257
2259
2260
2261
2262
2263
2264
2265
2266
2267
2268
2269
2270
2271
2272
2273
2275
2276
2278
2279
2280
2281
2282
2283
2284
2285
2286
2287
2288
2289
2290
2291
2292
2293
2294
2295
2296
2297
2298
2299
2300
2301
2302
2303
2304
2305
2306
2307
2309
2310
2311
2312
2313
2314
2315
2316
2318
2320
2321
2322
2323
2324
2325
2326
2327
2328
2329
2330
2331
2332
2333
2334
2335
2336
2337
2338
2339
2340
2341
2342
2344
2345
2346
2347
2348
2349
2350
2351
2352
2353
2354
2355
2356
2357
2358
2359
2360
2361
2362
2363
2364
2365
2366
2367
2368
2369
2370
2371
2372
2373
2374
2375
2376
2377
2378
2379
2380
2381
2382
2383
2384
2385
2386
2387
2388
2389
2390
2391
2392
2393
2394
2395
2396
2397
2398
2399
2400
2401
2402
2403
2404
2405
2406
2407
2408
2409
2410
2411
2412
2413
2414
2415
2416
2417
2418
2419
2420
2421
2422
2423
2424
2425
2426
2427
2428
2429
2430
2431
2432
2433
2434
2435
2436
2437
2439
2440
2441
2442
2443
2444
2445
2446
2447
2448
2449
2450
2451
2453
2454
2455
2456
2457
2458
2459
2460
2461
2462
2463
2464
2465
2466
2467
2468
2469
2470
2471
2472
2473
2474
2475
2476
2477
2478
2479
2480
2481
2482
2483
2485
2487
2488
2490
2491
2492
2493
2494
2495
2496
2497
2498
2499
2500
2501
2502
2503
2504
2505
2506
2507
2509
2511
2512
2513
2514
2515
2516
2517
2518
2519
2520
2521
2522
2523
2524
2525
2526
2527
2528
2529
2530
2531
2532
2533
2535
2536
2537
2538
2539
2540
2541
2542
2543
2544
2545
2546
2548
2549
2550
2551
2552
2553
2554
2555
2557
2558
2559
2560
2561
2562
2563
2565
2566
2567
2568
2569
2570
2571
2572
2573
2574
2575
2577
2578
2579
2580
2581
2582
2583
2585
2586
2587
2589
2590
2591
2592
2593
2594
2596
2597
2598
2599
2600
2602
2603
2604
2605
2606
2607
2608
2609
2610
2611
2612
2613
2614
2615
2616
2617
2618
2620
2621
2622
2624
2625
2626
2627
2628
2629
2630
2632
2633
2634
2635
2636
2637
2638
2639
2640
2641
2642
2643
2644
2646
2647
2648
2649
2650
2651
2652
2653
2654
2655
2656
2657
2658
2659
2660
2661
2662
2663
2664
2665
2666
2667
2668
2669
2670
2671
2672
2673
2674
2675
2676
2677
2678
2679
2681
2682
2683
2685
2686
2687
2688
2689
2690
2691
2692
2693
2694
2695
2696
2697
2699
2700
2701
2702
2703
2704
2705
2706
2707
2708
2709
2710
2711
2712
2713
2714
2715
2716
2717
2718
2719
2720
2721
2722
2723
2724
2725
2726
2727
2728
2729
2730
2731
2732
2733
2734
2735
2736
2737
2738
2739
2740
2741
2742
2743
2744
2745
2746
2747
2748
2749
2750
2751
2752
2753
2755
2756
2757
2758
2759
2760
2761
2762
2763
2764
2765
2766
2767
2768
2769
2770
2771
2772
2773
2774
2775
2776
2778
2779
2780
2781
2782
2783
2784
2785
2786
2787
2788
2789
2790
2791
2792
2793
2794
2795
2796
2797
2798
2799
2800
2801
2802
2803
2804
2805
2806
2807
2808
2809
2810
2811
2812
2813
2814
2815
2816
2817
2818
2819
2820
2822
2823
2824
2825
2826
2827
2828
2829
2830
2831
2833
2834
2835
2836
2837
2838
2839
2840
2841
2842
2843
2844
2846
2847
2848
2849
2850
2851
2852
2853
2854
2855
2856
2857
2858
2859
2860
2861
2862
2863
2864
2865
2866
2867
2868
2869
2870
2871
2872
2873
2874
2875
2876
2877
2878
2879
2880
2881
2882
2883
2884
2885
2886
2888
2889
2890
2891
2892
2893
2894
2896
2897
2898
2899
2900
2901
2902
2903
2904
2905
2906
2907
2908
2910
2911
2912
2913
2914
2915
2916
2917
2918
2919
2920
2921
2922
2923
2924
2925
2926
2927
2928
2929
2930
2931
2932
2933
2934
2935
2936
2937
2938
2939
2940
2941
2942
2943
2944
2945
2946
2947
2948
2949
2950
2951
2952
2953
2956
2957
2959
2960
2961
2962
2963
2964
2965
2966
2967
2968
2969
2970
2971
2972
2973
2974
2975
2976
2977
2978
2979
2981
2982
2983
2984
2985
2986
2987
2988
2989
2990
2991
2992
2993
2994
2995
2996
2997
2998
2999
3000
3002
3003
3004
3005
3006
3007
3008
3010
3011
3012
3013
3014
3015
3016
3017
3018
3019
3020
3021
3022
3023
3024
3025
3028
3029
3030
3031
3032
3033
3034
3035
3036
3037
3038
3039
3040
3041
3042
3043
3044
3045
3046
3047
3048
3049
3050
3051
3052
3053
3054
3055
3056
3057
3060
3061
3062
3063
3064
3065
3066
3067
3068
3069
3070
3071
3072
3073
3074
3075
3076
3077
3078
3079
3081
3082
3083
3085
3086
3087
3088
3089
3090
3091
3092
3093
3094
3095
3096
3097
3098
3099
3100
3101
3102
3103
3104
3105
3106
3107
3108
3109
3110
3111
3112
3113
3114
3115
3116
3117
3118
3119
3120
3121
3122
3124
3125
3126
3127
3128
3129
3130
3132
3133
3134
3135
3137
3138
3139
3140
3141
3142
3143
3144
3145
3146
3147
3148
3149
3150
3152
3153
3154
3155
3156
3157
3158
3159
3160
3161
3163
3165
3167
3168
3169
3171
3172
3173
3174
3175
3176
3177
3178
3179
3180
3181
3182
3183
3185
3186
3188
3189
3190
3192
3194
3196
3197
3198
3199
3200
3201
3202
3203
3204
3205
3206
3207
3208
3210
3211
3213
3214
3215
3216
3217
3218
3219
3221
3222
3223
3224
3225
3229
3230
3232
3235
3238
3239
3240
3241
3242
3243
3244
3245
3246
3247
3248
3249
3250
3251
3252
3253
3254
3255
3256
3257
3258
3259
3260
3261
3262
3263
3264
3265
3266
3267
3268
3269
3270
3271
3272
3273
3274
3275
3276
3281
3282
3283
3284
3285
3286
3287
3289
3292
3295
3296
3298
3299
3300
3301
3302
3303
3304
3305
3306
3307
3308
3309
3310
3311
3313
3314
3316
3317
3318
3319
3320
3323
3324
3325
3326
3327
3328
3329
3330
3331
3333
3334
3335
3338
3339
3340
3341
3342
3343
3344
3345
3347
3349
3350
3351
3353
3354
3355
3357
3358
3359
3360
3361
3362
3363
3364
3365
3367
3368
3370
3371
3372
3373
3374
3375
3377
3378
3379
3380
3384
3385
3386
3387
3388
3389
3391
3392
3393
3394
3395
3396
3397
3398
3399
3400
3401
3402
3403
3404
3405
3406
3408
3409
3410
3412
3413
3414
3415
3417
3418
3419
3420
3421
3422
3423
3424
3425
3426
3427
3428
3429
3430
3431
3432
3433
3434
3435
3436
3437
3438
3439
3440
3441
3442
3444
3445
3446
3447
3448
3449
3450
3451
3452
3453
3454
3456
3457
3459
3461
3462
3464
3465
3466
3467
3468
3469
3470
3471
3472
3473
3474
3475
3476
3477
3478
3479
3480
3481
3483
3484
3486
3487
3488
3489
3490
3491
3492
3494
3495
3496
3497
3498
3499
3500
3501
3502
3503
3504
3505
3506
3507
3508
3509
3510
3511
3512
3513
3514
3515
3516
3518
3519
3520
3521
3522
3524
3525
3526
3527
3528
3529
3530
3531
3533
3534
3535
3536
3537
3538
3539
3540
3543
3544
3545
3546
3547
3548
3549
3550
3551
3552
3553
3554
3555
3556
3557
3559
3560
3562
3563
3564
3565
3566
3567
3568
3569
3570
3571
3572
3575
3576
3577
3578
3579
3580
3581
3584
3585
3586
3587
3588
3590
3591
3592
3593
3594
3596
3597
3598
3599
3600
3602
3604
3605
3606
3608
3609
3610
3611
3612
3613
3614
3615
3616
3617
3618
3619
3620
3621
3622
3623
3624
3625
3626
3627
3628
3629
3632
3633
3634
3635
3636
3637
3638
3639
3640
3641
3642
3643
3644
3645
3646
3648
3649
3652
3653
3654
3655
3657
3658
3659
3660
3661
3662
3663
3664
3665
3668
3669
3670
3671
3672
3673
3674
3675
3676
3677
3678
3679
3680
3681
3682
3683
3684
3685
3686
3687
3688
3689
3690
3691
3692
3693
3694
3695
3696
3697
3698
3699
3700
3701
3702
3703
3704
3705
3706
3707
3708
3709
3710
3711
3712
3713
3714
3715
3716
3717
3718
3719
3720
3721
3723
3724
3725
3726
3727
3728
3729
3730
3731
3732
3733
3734
3735
3736
3737
3738
3739
3740
3741
3742
3743
3744
3745
3746
3747
3748
3749
3751
3752
3753
3754
3755
3756
3757
3758
3759
3760
3761
3763
3764
3765
3766
3767
3768
3769
3770
3771
3773
3774
3775
3776
3777
3778
3780
3781
3782
3783
3784
3785
3786
3787
3788
3789
3790
3791
3792
3793
3794
3795
3796
3797
3798
3799
3800
3801
3802
3803
3804
3805
3806
3807
3808
3809
3810
3811
3812
3813
3814
3816
3817
3819
3820
3821
3822
3823
3824
3825
3826
3827
3829
3830
3831
3832
3833
3834
3835
3836
3837
3838
3839
3840
3841
3843
3844
3845
3846
3847
3848
3849
3851
3852
3853
3854
3855
3857
3858
3859
3860
3861
3862
3863
3864
3865
3867
3868
3869
3870
3871
3872
3873
3874
3875
3876
3877
3878
3879
3880
3881
3882
3883
3884
3885
3886
3888
3889
3892
3893
3894
3895
3896
3897
3898
3900
3901
3902
3903
3905
3906
3908
3909
3910
3911
3912
3913
3914
3915
3916
3917
3918
3919
3920
3921
3922
3923
3924
3925
3926
3927
3928
3929
3930
3931
3932
3933
3934
3936
3937
3938
3939
3941
3942
3943
3944
3945
3946
3947
3948
3949
3950
3951
3952
3953
3954
3955
3956
3957
3959
3960
3961
3963
3964
3965
3966
3967
3968
3969
3970
3971
3972
3973
3974
3975
3976
3977
3978
3979
3980
3981
3982
3983
3984
3985
3986
3987
3988
3989
3990
3991
3992
3993
3994
3995
3996
3997
3998
3999
4000
4001
4002
4003
4005
4006
4007
4008
4009
4010
4011
4012
4014
4015
4016
4017
4018
4019
4020
4021
4022
4023
4024
4025
4026
4027
4028
4029
4030
4031
4032
4033
4034
4035
4036
4037
4038
4039
4040
4041
4042
4043
4045
4046
4047
4048
4049
4052
4053
4054
4055
4056
4058
4060
4061
4062
4063
4064
4065
4066
4067
4068
4069
4070
4072
4073
4074
4076
4077
4078
4079
4080
4081
4082
4083
4084
4085
4086
4089
4090
4091
4092
4093
4095
4097
4098
4099
4100
4101
4102
4103
4104
4105
4106
4107
4108
4109
4110
4111
4113
4114
4115
4116
4117
4118
4119
4121
4122
4123
4124
4125
4126
4127
4128
4129
4130
4131
4132
4133
4135
4136
4139
4140
4141
4142
4143
4144
4146
4147
4148
4149
4151
4152
4153
4154
4155
4157
4158
4159
4160
4161
4162
4164
4165
4166
4167
4168
4169
4171
4173
4174
4175
4176
4177
4178
4179
4180
4181
4182
4183
4184
4185
4186
4187
4188
4189
4190
4191
4192
4193
4194
4195
4196
4197
4198
4199
4200
4201
4203
4204
4205
4206
4207
4208
4209
4210
4211
4212
4213
4214
4215
4216
4217
4218
4219
4220
4221
4222
4223
4224
4225
4226
4227
4228
4229
4231
4232
4233
4234
4235
4236
4237
4238
4239
4240
4241
4242
4243
4244
4245
4246
4247
4248
4249
4250
4251
4252
4253
4254
4255
4256
4259
4260
4261
4262
4263
4265
4266
4267
4268
4270
4271
4272
4273
4274
4275
4276
4277
4278
4279
4280
4281
4282
4283
4284
4285
4286
4287
4288
4289
4290
4291
4292
4293
4294
4296
4297
4298
4299
4300
4301
4302
4303
4304
4305
4306
4307
4308
4310
4312
4313
4314
4316
4317
4318
4319
4320
4321
4322
4323
4324
4325
4326
4327
4328
4329
4330
4331
4332
4333
4334
4335
4336
4337
4338
4339
4340
4341
4342
4343
4344
4345
4347
4348
4349
4350
4351
4352
4353
4354
4355
4356
4357
4359
4360
4361
4363
4366
4367
4368
4369
4370
4371
4372
4373
4375
4376
4377
4378
4380
4381
4382
4383
4384
4386
4387
4388
4389
4390
4391
4392
4393
4394
4395
4396
4397
4398
4399
4400
4401
4403
4404
4405
4406
4407
4408
4409
4410
4411
4412
4414
4415
4416
4417
4418
4419
4420
4422
4423
4424
4425
4426
4427
4428
4429
4431
4432
4433
4434
4435
4436
4437
4438
4439
4440
4441
4442
4443
4444
4445
4446
4447
4448
4450
4451
4452
4453
4454
4458
4459
4462
4463
4464
4465
4466
4467
4468
4469
4470
4471
4472
4473
4474
4475
4476
4477
4478
4479
4480
4481
4482
4483
4484
4485
4486
4487
4488
4489
4490
4491
4492
4493
4494
4495
4496
4497
4498
4499
4500
4501
4502
4503
4504
4505
4506
4508
4509
4510
4511
4513
4514
4515
4516
4517
4518
4519
4520
4521
4522
4523
4524
4525
4526
4529
4530
4531
4532
4533
4534
4535
4536
4537
4538
4540
4541
4543
4544
4545
4546
4547
4548
4552
4553
4555
4556
4557
4558
4559
4560
4561
4562
4563
4564
4565
4566
4567
4568
4569
4570
4571
4572
4573
4574
4575
4577
4578
4579
4580
4581
4583
4584
4585
4586
4587
4588
4589
4590
4591
4593
4594
4595
4596
4597
4598
4599
4600
4601
4602
4603
4605
4606
4607
4608
4609
4610
4611
4612
4613
4614
4615
4616
4617
4618
4619
4620
4621
4622
4623
4624
4625
4626
4627
4628
4629
4630
4632
4633
4634
4635
4636
4638
4639
4640
4641
4642
4643
4644
4645
4646
4649
4652
4653
4654
4655
4656
4658
4659
4660
4661
4662
4663
4664
4665
4666
4667
4668
4669
4670
4671
4672
4673
4674
4675
4676
4677
4678
4679
4680
4681
4682
4683
4685
4686
4687
4688
4689
4690
4691
4692
4693
4694
4695
4696
4697
4698
4699
4700
4701
4702
4703
4704
4705
4706
4707
4708
4709
4710
4711
4712
4713
4714
4715
4716
4717
4718
4719
4720
4721
4722
4723
4724
4725
4727
4728
4729
4731
4732
4733
4734
4735
4736
4737
4738
4740
4741
4743
4744
4745
4746
4748
4749
4750
4751
4752
4753
4754
4755
4756
4757
4758
4759
4761
4763
4764
4765
4766
4767
4768
4769
4770
4771
4772
4773
4774
4775
4776
4777
4778
4779
4780
4782
4783
4784
4785
4786
4787
4788
4789
4790
4791
4792
4793
4794
4795
4796
4797
4798
4799
4800
4801
4802
4803
4804
4805
4806
4807
4808
4809
4810
4811
4812
4813
4814
4815
4816
4817
4818
4819
4821
4822
4823
4824
4825
4826
4828
4829
4830
4831
4832
4833
4834
4835
4836
4837
4838
4840
4841
4842
4844
4845
4846
4847
4848
4849
4850
4851
4852
4853
4854
4855
4856
4857
4858
4861
4862
4863
4864
4865
4866
4867
4868
4869
4870
4871
4872
4873
4874
4876
4877
4878
4879
4880
4881
4883
4884
4885
4886
4887
4888
4889
4890
4892
4893
4894
4895
4896
4897
4898
4899
4900
4901
4902
4903
4907
4908
4909
4911
4912
4914
4915
4916
4917
4918
4919
4920
4921
4922
4923
4924
4925
4926
4927
4928
4929
4930
4932
4933
4934
4935
4936
4937
4938
4939
4940
4941
4942
4944
4945
4946
4947
4949
4950
4951
4952
4953
4954
4956
4957
4958
4959
4960
4961
4962
4963
4964
4965
4966
4967
4968
4969
4970
4971
4972
4973
4974
4975
4976
4977
4978
4979
4980
4981
4982
4983
4984
4987
4988
4989
4990
4991
4992
4993
4994
4995
4996
4997
4998
4999
5000
5001
5002
5003
5004
5005
5006
5007
5008
5009
5010
5011
5012
5013
5014
5015
5016
5017
5018
5021
5022
5023
5024
5025
5026
5027
5028
5029
5033
5034
5035
5036
5037
5038
5039
5040
5041
5042
5046
5047
5048
5049
5051
5053
5054
5055
5056
5057
5058
5059
5060
5061
5062
5063
5064
5065
5066
5068
5069
5071
5072
5073
5074
5075
5076
5077
5078
5079
5080
5081
5083
5085
5086
5087
5088
5090
5091
5092
5093
5094
5095
5096
5097
5098
5099
5100
5101
5102
5103
5104
5105
5106
5107
5108
5109
5110
5111
5112
5113
5114
5116
5117
5118
5119
5120
5121
5122
5123
5124
5125
5127
5128
5130
5131
5134
5135
5136
5137
5139
5140
5141
5142
5143
5145
5146
5147
5148
5151
5152
5153
5155
5157
5158
5159
5161
5162
5163
5164
5165
5167
5168
5169
5170
5171
5172
5173
5174
5175
5177
5178
5179
5180
5181
5182
5184
5186
5187
5189
5190
5192
5193
5194
5196
5197
5198
5199
5202
5203
5204
5205
5208
5209
5211
5212
5213
5214
5215
5216
5217
5218
5219
5220
5221
5222
5223
5224
5225
5226
5227
5228
5230
5231
5232
5233
5234
5235
5236
5237
5238
5239
5240
5241
5242
5243
5244
5245
5246
5247
5248
5249
5250
5251
5254
5255
5256
5258
5259
5262
5263
5264
5265
5266
5267
5268
5269
5272
5275
5276
5279
5282
5283
5284
5285
5287
5288
5289
5290
5291
5292
5293
5294
5295
5296
5297
5298
5299
5300
5301
5303
5304
5305
5307
5308
5309
5310
5311
5312
5313
5314
5315
5316
5318
5319
5321
5323
5324
5325
5327
5328
5329
5331
5332
5333
5334
5335
5337
5339
5340
5341
5343
5344
5345
5346
5347
5348
5349
5350
5351
5352
5353
5354
5355
5357
5358
5359
5360
5361
5362
5363
5364
5365
5367
5368
5372
5373
5375
5376
5377
5378
5379
5380
5381
5382
5383
5384
5385
5386
5387
5388
5389
5390
5391
5392
5394
5395
5396
5397
5398
5399
5400
5401
5404
5406
5409
5410
5412
5413
5414
5415
5416
5417
5418
5419
5420
5421
5422
5423
5424
5425
5426
5427
5428
5429
5430
5431
5433
5434
5435
5436
5437
5438
5439
5440
5442
5444
5445
5446
5447
5448
5449
5450
5451
5452
5453
5454
5455
5456
5457
5458
5459
5460
5461
5462
5463
5464
5465
5466
5467
5468
5470
5472
5473
5475
5476
5477
5478
5479
5480
5481
5482
5483
5484
5485
5486
5488
5489
5490
5491
5493
5494
5496
5497
5498
5499
5500
5501
5502
5503
5504
5505
5506
5507
5508
5509
5512
5513
5515
5516
5517
5518
5521
5522
5523
5524
5525
5526
5527
5528
5529
5530
5531
5532
5538
5539
5540
5541
5543
5544
5548
5550
5552
5553
5555
5556
5560
5561
5563
5564
5568
5569
5570
5572
5573
5574
5575
5577
5580
5581
5582
5584
5585
5588
5589
5590
5591
5593
5596
5597
5598
5599
5600
5601
5602
5603
5604
5605
5606
5607
5608
5609
5610
5611
5612
5613
5614
5615
5617
5618
5619
5620
5621
5622
5625
5627
5628
5629
5630
5632
5633
5635
5636
5637
5638
5639
5640
5641
5642
5643
5644
5645
5646
5647
5648
5649
5650
5651
5653
5655
5656
5657
5659
5660
5662
5663
5664
5665
5666
5667
5668
5669
5670
5672
5673
5675
5677
5678
5679
5680
5681
5682
5684
5685
5686
5687
5688
5689
5690
5691
5692
5693
5694
5696
5697
5699
5705
5707
5709
5710
5712
5715
5717
5720
5721
5722
5723
5725
5726
5728
5730
5731
5732
5733
5734
5735
5736
5737
5738
5739
5741
5742
5743
5744
5745
5747
5749
5752
5759
5760
5762
5763
5764
5765
5767
5768
5769
5770
5771
5772
5773
5777
5779
5780
5781
5782
5783
5784
5785
5786
5787
5788
5791
5792
5794
5795
5796
5797
5798
5799
5800
5801
5802
5803
5804
5806
5808
5809
5810
5812
5815
5816
5817
5818
5819
5820
5821
5822
5824
5825
5826
5828
5829
5830
5832
5833
5834
5836
5838
5839
5840
5841
5842
5843
5845
5846
5847
5848
5852
5853
5854
5855
5856
5858
5859
5862
5864
5867
5868
5869
5872
5873
5874
5875
5876
5878
5879
5881
5882
5883
5884
5885
5888
5889
5890
5891
5893
5896
5898
5899
5900
5901
5902
5903
5907
5909
5911
5912
5913
5914
5915
5916
5917
5919
5922
5923
5924
5926
5927
5928
5930
5931
5932
5933
5935
5936
5937
5938
5940
5941
5942
5943
5944
5945
5946
5947
5948
5949
5951
5952
5953
5954
5955
5956
5957
5958
5959
5960
5961
5962
5963
5964
5965
5966
5968
5969
5970
5971
5972
5974
5975
5977
5978
5980
5981
5983
5984
5985
5986
5987
5988
5989
5990
5991
5992
5993
5994
5995
5997
5999
6000
6001
6002
6003
6005
6006
6008
6010
6012
6013
6014
6015
6016
6017
6020
6021
6022
6023
6024
6025
6027
6030
6031
6032
6033
6035
6036
6037
6038
6039
6040
6041
6042
6045
6046
6047
6049
6051
6053
6054
6056
6057
6058
6059
6060
6062
6063
6064
6065
6066
6067
6068
6070
6072
6073
6075
6076
6077
6078
6082
6083
6084
6086
6087
6090
6091
6092
6093
6094
6096
6100
6101
6102
6104
6105
6107
6108
6109
6114
6115
6116
6118
6119
6120
6121
6122
6123
6124
6125
6126
6127
6132
6133
6134
6135
6136
6139
6140
6141
6143
6144
6147
6148
6151
6153
6154
6155
6156
6157
6158
6159
6160
6161
6162
6163
6166
6168
6169
6170
6173
6176
6177
6178
6179
6180
6181
6182
6183
6184
6185
6186
6187
6188
6190
6191
6192
6193
6194
6195
6196
6197
6198
6200
6201
6202
6203
6204
6206
6207
6208
6210
6211
6212
6213
6214
6215
6216
6217
6218
6219
6220
6222
6223
6225
6226
6228
6229
6230
6231
6232
6233
6234
6235
6236
6237
6238
6239
6240
6241
6242
6243
6244
6245
6247
6248
6249
6250
6251
6252
6254
6255
6256
6257
6258
6259
6260
6261
6263
6264
6265
6266
6267
6268
6269
6270
6271
6272
6273
6276
6277
6279
6280
6281
6283
6285
6286
6287
6288
6289
6290
6291
6293
6294
6296
6297
6298
6299
6300
6301
6303
6304
6305
6306
6307
6308
6311
6312
6313
6314
6315
6316
6318
6319
6320
6322
6323
6324
6325
6326
6327
6328
6329
6330
6331
6332
6333
6334
6335
6337
6338
6339
6341
6342
6344
6345
6346
6347
6348
6349
6350
6351
6356
6357
6358
6365
6366
6367
6368
6370
6371
6373
6374
6375
6376
6377
6378
6379
6380
6382
6383
6385
6386
6387
6388
6390
6391
6392
6394
6395
6396
6398
6400
6401
6403
6404
6405
6407
6408
6409
6410
6412
6413
6414
6415
6416
6419
6422
6423
6424
6425
6426
6427
6428
6429
6430
6432
6433
6434
6436
6437
6438
6439
6440
6441
6442
6445
6446
6448
6449
6450
6451
6452
6453
6454
6455
6457
6458
6459
6460
6461
6462
6463
6464
6465
6466
6467
6468
6469
6470
6471
6474
6475
6476
6477
6478
6479
6480
6481
6482
6484
6485
6486
6487
6488
6492
6493
6495
6497
6498
6499
6502
6503
6505
6506
6508
6509
6510
6511
6513
6515
6516
6517
6518
6519
6522
6523
6524
6525
6526
6527
6528
6530
6531
6533
6534
6535
6536
6537
6538
6539
6540
6541
6542
6544
6545
6546
6547
6548
6549
6550
6551
6552
6554
6555
6558
6559
6561
6562
6563
6564
6565
6566
6567
6568
6570
6571
6572
6573
6576
6578
6579
6581
6582
6583
6584
6585
6586
6587
6588
6591
6592
6593
6595
6596
6597
6598
6599
6600
6601
6602
6603
6604
6605
6609
6610
6611
6612
6613
6614
6615
6616
6617
6618
6619
6620
6624
6625
6629
6630
6636
6637
6638
6639
6641
6642
6643
6644
6645
6646
6647
6648
6649
6650
6652
6653
6657
6658
6659
6660
6662
6663
6664
6665
6666
6667
6668
6669
6670
6671
6672
6673
6676
6678
6679
6680
6681
6682
6683
6684
6686
6687
6688
6689
6690
6692
6695
6696
6699
6700
6701
6702
6703
6704
6705
6706
6707
6708
6709
6710
6711
6713
6714
6717
6718
6720
6721
6722
6723
6724
6725
6727
6728
6730
6731
6732
6734
6735
6736
6741
6743
6744
6747
6748
6749
6750
6751
6752
6753
6754
6755
6756
6757
6759
6760
6761
6762
6763
6764
6765
6768
6769
6770
6771
6772
6773
6774
6775
6776
6777
6779
6780
6781
6782
6783
6784
6785
6786
6787
6789
6790
6791
6792
6793
6794
6795
6796
6797
6798
6800
6801
6802
6803
6804
6805
6806
6807
6808
6809
6810
6811
6812
6813
6815
6816
6817
6818
6820
6822
6826
6827
6828
6829
6830
6832
6837
6839
6840
6842
6844
6848
6849
6850
6851
6852
6854
6855
6856
6857
6858
6859
6860
6862
6863
6864
6867
6868
6869
6870
6871
6872
6873
6874
6875
6876
6877
6879
6880
6881
6882
6883
6884
6885
6886
6887
6888
6889
6890
6892
6893
6895
6896
6897
6898
6900
6902
6909
6910
6911
6914
6918
6920
6921
6923
6924
6925
6926
6927
6928
6932
6934
6935
6936
6938
6939
6940
6942
6944
6945
6946
6947
6948
6949
6950
6951
6952
6953
6954
6957
6958
6959
6961
6963
6964
6965
6966
6967
6969
6970
6971
6973
6974
6975
6976
6977
6978
6979
6980
6981
6982
6983
6984
6985
6986
6987
6988
6989
6990
6991
6992
6993
6994
6995
6996
6997
6998
6999
7000
7001
7002
7003
7004
7005
7006
7007
7008
7009
7010
7011
7012
7013
7015
7016
7017
7018
7019
7020
7021
7022
7023
7024
7025
7026
7027
7028
7029
7030
7031
7032
7033
7034
7035
7036
7037
7038
7039
7040
7041
7042
7043
7044
7045
7046
7047
7048
7049
7050
7051
7053
7054
7055
7056
7057
7058
7059
7060
7061
7062
7063
7064
7065
7066
7067
7068
7069
7070
7071
7072
7073
7074
7075
7076
7077
7078
7079
7080
7081
7082
7083
7084
7085
7086
7087
7088
7089
7090
7091
7092
7093
7094
7095
7096
7097
7099
7101
7102
7104
7106
7107
7108
7109
7110
7111
7112
7114
7115
7116
7117
7118
7119
7121
7122
7123
7124
7125
7126
7128
7129
7130
7131
7132
7134
7135
7136
7137
7139
7141
7142
7143
7147
7149
7150
7151
7153
7154
7155
7156
7157
7158
7160
7161
7162
7163
7164
7165
7167
7168
7169
7171
7172
7173
7175
7176
7177
7178
7179
7180
7181
7185
7186
7190
7192
7193
7194
7195
7196
7197
7198
7199
7200
7201
7202
7205
7206
7207
7208
7209
7210
7211
7212
7215
7216
7217
7218
7219
7220
7221
7222
7223
7225
7227
7228
7232
7234
7235
7236
7237
7238
7239
7241
7243
7247
7248
7249
7250
7251
7253
7254
7255
7256
7257
7258
7259
7260
7261
7262
7263
7264
7265
7266
7272
7275
7283
7284
7285
7286
7287
7288
7293
7294
7295
7297
7299
7300
7301
7302
7303
7304
7305
7306
7307
7308
7309
7310
7311
7312
7313
7314
7315
7316
7317
7318
7319
7320
7321
7323
7324
7325
7326
7327
7328
7331
7333
7334
7335
7336
7338
7340
7341
7343
7345
7346
7347
7348
7349
7351
7352
7354
7355
7357
7358
7360
7361
7362
7364
7365
7366
7367
7369
7371
7372
7373
7374
7375
7376
7377
7379
7380
7381
7382
7383
7384
7386
7387
7388
7389
7391
7394
7395
7396
7405
7406
7408
7410
7414
7415
7416
7417
7418
7419
7420
7437
7438
7439
7440
7442
7444
7445
7448
7449
7450
7451
7453
7454
7455
7456
7457
7458
7459
7460
7474
7475
7478
7479
7480
7481
7482
7484
7485
7486
7487
7488
7489
7490
7491
7492
7493
7502
7505
7523
7541
7560
7561
7562
7563
7564
7566
7569
7570
7571
7572
7573
7574
7577
7578
7579
7580
7581
7582
7583
7584
7585
7586
7587
7613
7614
7615
7616
7617
7618
7619
7620
7624
7625
7626
7636
7637
7638
7646
7647
7649
7650
7657
7669
7675
7697
7698
7700
7701
7702
7704
7705
7706
7707
7708
7713
7714
7716
7720
7728
7730
7742
7743
7745
7748
7749
7753
7756
7757
7758
7759
7761
7762
7763
7764
7766
7767
7769
7770
7771
7773
7774
7775
7781
7782
7784
7785
7786
7787
7789
7790
7791
7792
7802
7809
7810
7811
7812
7815
7817
7818
7820
7821
7822
7826
7827
7831
7832
7833
7834
7835
7836
7839
7840
7841
7842
7843
7844
7845
7846
7847
7878
7879
7881
7882
7883
7884
7885
7886
7888
7889
7890
7891
7892
7893
7894
7895
7896
7897
7898
7899
7912
7913
7914
7915
7916
7918
7919
7920
7923
7924
7925
7926
7928
7930
7932
7933
7934
7935
7936
7937
7938
7939
7940
7941
7942
7943
7944
7945
7946
7947
7948
7949
7951
7953
7959
7976
7979
7980
7981
7982
7983
7984
7987
7988
7990
7991
7992
7993
7995
8003
8004
8007
8008
8010
8011
8012
8013
8014
8015
8016
8017
8019
8024
8025
8033
8035
8039
8040
8042
8043
8044
8045
8056
8057
8062
8063
8068
8070
8093
8094
8117
8119
8121
8123
8125
8126
8127
8128
8129
8130
8131
8132
8133
8134
8140
8142
8143
8147
8153
8154
8157
8158
8167
8169
8183
8187
8188
8189
8190
8191
8194
8195
8196
8197
8198
8199
8201
8202
8203
8206
8207
8208
8221
8222
8225
8227
8228
8232
8235
8236
8238
8239
8241
8253
8254
8256
8257
8258
8259
8260
8261
8263
8264
8266
8268
8270
8272
8273
8275
8291
8292
8295
8302
8327
8330
8331
8332
8334
8335
8336
8337
8338
8340
8341
8360
8361
8362
8363
8364
8365
8366
8367
8368
8369
8370
8371
8372
8373
8374
8375
8376
8377
8378
8379
8381
8383
8385
8387
8391
8392
8395
8400
8401
8403
8404
8405
8407
8410
8421
8422
8423
8425
8426
8446
8447
8451
8454
8456
8459
8460
8462
8463
8464
8477
8478
8480
8481
8482
8484
8485
8486
8487
8488
8491
8492
8493
8494
8495
8496
8499
8501
8502
8503
8504
8505
8507
8511
8512
8516
8518
8520
8521
8522
8524
8525
8526
8527
8528
8529
8530
8531
8532
8533
8534
8535
8537
8540
8542
8543
8571
8572
8573
8574
8575
8576
8577
8578
8579
8580
8581
8582
8583
8584
8585
8587
8588
8589
8591
8593
8595
8596
8598
8600
8601
8602
8604
8605
8607
8608
8609
8610
8611
8612
8614
8615
8616
8617
8618
8619
8620
8622
8623
8625
8629
8631
8633
8636
8638
8639
8640
8641
8642
8643
8644
8645
8650
8651
8655
8656
8657
8660
8661
8662
8663
8664
8665
8666
8667
8670
8674
8675
8677
8678
8680
8681
8683
8684
8686
8689
8690
8692
8694
8695
8698
8700
8710
8711
8712
8713
8714
8716
8718
8720
8724
8725
8726
8727
8730
8731
8732
8733
8738
8739
8740
8746
8748
8749
8751
8752
8753
8754
8755
8757
8758
8761
8762
8765
8766
8767
8768
8771
8772
8773
8775
8777
8778
8779
8780
8781
8782
8783
8784
8785
8786
8787
8793
8794
8795
8796
8797
8798
8799
8800
8801
8803
8804
8805
8807
8808
8809
8810
8811
8813
8814
8815
8826
8827
8828
8830
8831
8832
8833
8835
8836
8838
8840
8841
8844
8845
8848
8850
8851
8852
8854
8855
8858
8860
8861
8862
8864
8865
8866
8867
8868
8869
8870
8872
8873
8874
8875
8879
8880
8881
8882
8884
8885
8893
8894
8896
8898
8899
8900
8905
8906
8907
8908
8910
8911
8912
8913
8914
8915
8916
8917
8918
8919
8920
8921
8922
8923
8924
8927
8928
8929
8930
8931
8932
8933
8934
8936
8937
8938
8939
8941
8943
8946
8947
8948
8949
8950
8951
8954
8955
8956
8957
8958
8959
8961
8962
8963
8965
8966
8967
8968
8969
8970
8971
8972
8973
8974
8977
8978
8979
8980
8981
8982
8983
8984
8985
8986
8987
8989
8994
8996
8998
8999
9000
9002
9004
9005
9010
9011
9013
9014
9018
25737
25738
25741
25742
25744
25746
25750
25751
25752
25753
25755
25757
25759
25762
25763
25764
25765
25766
25769
25771
25773
25774
25777
25782
25786
25788
25789
25792
25793
25795
25797
25798
25805
25807
25812
25818
25825
25826
25827
25828
25830
25833
25834
25835
25839
25840
25841
25842
25850
25852
25855
25856
25859
25865
25866
25868
25870
25886
25888
25891
25893
25898
25899
25900
25901
25904
25905
25906
25908
25911
25914
25916
25918
25920
25923
25924
25926
25927
25929
25930
25934
25937
25938
25940
25941
25943
25944
25945
25946
25947
25950
25951
25952
25954
25959
25960
25961
25962
25963
25971
25975
25977
25987
25993
25994
25995
25996
25999
26002
26003
26005
26007
26009
26010
26012
26025
26038
26043
26048
26049
26051
26052
26055
26059
26064
26070
26073
26078
26082
26083
26084
26085
26086
26090
26094
26101
26109
26111
26113
26116
26117
26119
26122
26123
26124
26128
26131
26133
26134
26138
26139
26141
26147
26148
26150
26151
26152
26153
26155
26158
26159
26163
26164
26169
26170
26171
26172
26174
26176
26178
26181
26183
26187
26188
26198
26199
26203
26208
26219
26222
26225
26226
26228
26230
26231
26237
26240
26241
26242
26245
26246
26248
26249
26251
26252
26256
26258
26259
26265
26268
26269
26270
26271
26277
26280
26283
26285
26289
26294
26299
26301
26302
26303
26306
26313
26318
26322
26324
26325
26326
26334
26336
26340
26342
26344
26346
26347
26349
26350
26359
26360
26366
26371
26375
26378
26379
26386
26388
26391
26393
26394
26395
26398
26399
26400
26403
26413
26414
26422
26425
26431
26444
26448
26453
26462
26463
26464
26467
26471
26472
26476
26479
26485
26487
26488
26491
26492
26493
26494
26495
26497
26501
26502
26504
26509
26512
26513
26521
26524
26527
26528
26539
26540
26547
26550
26554
26555
26558
26560
26561
26562
26564
26565
26577
26578
26581
26585
26587
26596
26599
26602
26603
26606
26612
26614
26616
26622
26629
26630
26631
26644
26649
26662
26663
26674
26680
26681
26686
26688
26691
26693
26694
26695
26696
26698
26699
26700
26701
26702
26704
26712
26713
26717
26726
26729
26731
26732
26736
26743
26744
26745
26746
26749
26750
26756
26758
26760
26762
26770
26776
26782
26788
26791
26796
26797
26803
26810
26811
26812
26819
26838
26840
26842
26849
26850
26861
26865
26870
26875
26887
26901
26903
26913
26914
26915
26925
26928
26934
26939
26940
26947
26965
26966
26973
26974
26982
26985
26989
26999
27002
27003
27005
27006
27009
27020
27022
27032
27033
27036
27064
27067
27073
27075
27095
27109
27112
27114
27152
27155
27156
27162
27176
27178
27180
27186
27193
27216
27217
27246
27251
27253
27255
27266
27271
27302
27311
27316
27317
27326
27329
27338
27340
27351
27357
27362
27365
27366
27368
27369
27370
27373
27376
27391
27392
27397
27402
27408
27410
27416
27423
27432
27434
27441
27450
27456
27473
27478
27482
27491
27509
27513
27515
27523
27528
27537
27544
27550
27555
27563
27564
27571
27584
27592
27604
27608
27611
27618
27619
27620
27627
27636
27641
27643
27646
27647
27648
27660
27664
27667
27671
27674
27685
27689
27695
27699
27700
27706
27713
27716
27717
27721
27722
27724
27727
27728
27729
27731
27734
27736
27738
27741
27744
27746
27751
27758
27768
27772
27773
27776
27778
27783
27784
27788
27790
27792
27793
27797
27800
27801
27802
27803
27808
27811
27812
27815
27816
27820
27821
27822
27826
27828
27830
27831
27833
27834
27837
27838
27839
27841
27843
27846
27847
27850
27851
27857
27862
27864
27865
27866
27867
27869
27871
27873
27875
27876
27878
27879
27882
27884
27888
27891
27899
27904
27905
27912
27922
30701
30707
30712
30721
30723
30742
30745
30747
30749
30783
30791
30793
30803
30810
30812
30816
30818
30820
30822
30825
30846
30848
30850
30867
30883
30892
30894
30898
30949
30952
30970
30991
30996
31026
31030
31032
31035
31042
31079
31086
31101
31104
31107
31114
31116
31123
31133
31148
31150
31156
31160
31162
31184
31188
31193
31221
31223
31225
31247
31251
31255
31260
31263
31270
31309
31347
31349
31359
31364
31367
31374
31408
31410
31420
31422
31424
31427
31429
31431
31433
31435
31437
31445
31467
31485
31502
31522
31524
31528
31539
31545
31547
31553
31584
31588
31590
31617
31628
31658
31660
31682
31685
31687
31689
31694
31696
31698
31700
31702
31705
31724
31737
31770
31785
31804
31807
31851
31854
31867
31878
31889
31900
31903
31921
31923
31930
31934
31948
31950
31952
31956
31963
31973
31991
32009
32011
32013
32017
32019
32022
32025
32029
32031
32058
32076
32078
32084
32116
32124
32139
32153
32160
32162
32170
32174
32179
32196
32203
32211
32213
32234
32239
32261
32280
32285
32289
32291
32296
32298
32300
32302
32314
32316
32349
32352
32369
32371
32375
32381
32383
32387
32392
32395
32444
32452
32456
32460
32464
32469
32483
32493
32509
32511
32525
32554
32562
32582
32584
32587
32589
32591
32593
32596
32598
32600
32632
32646
32649
32657
32707
32721
32728
32735
32743
32770
32781
32792
32811
32825
32834
32840
32844
32853
32862
32875
32882
32892
32898
32906
32914
32943
32988
33004
33008
33036
33072
33081
33085
33113
33119
33124
33126
33134
33136
33138
33145
33154
33158
33162
33164
33166
33171
33188
33237
33245
33247
33264
33270
33288
33294
33312
33321
33340
33358
33410
33421
33435
33437
33451
33454
33463
33487
33493
33495
33499
33539
33558
33564
33585
33587
33592
33603
33615
33621
33629
33639
33644
33646
33649
33660
33669
33672
33675
33677
33679
33681
33683
33688
33709
33722
33725
33750
33760
33779
33781
33794
33808
33815
33817
33819
33826
33830
33832
33834
33836
33838
33861
33880
33893
33896
33903
33905
33912
33933
34002
34018
34048
34051
34063
34065
34072
34111
34143
34148
34150
34153
34155
34162
34164
34198
34238
34246
34271
34292
34314
34319
34321
34323
34326
34332
34334
34336
34338
34359
34375
34405
34411
34435
34437
34469
34482
34499
34520
34523
34528
34530
34532
34534
34536
34540
34542
34548
34552
34579
34583
34624
34645
34648
34696
34729
34767
34811
35015
35347
35836
35957
36056
36086
36276
36289
36363
36397
36401
36477
36509
36513
36517
36519
36523
36525
36527
36529
36531
36533
36535
36537
36539
36708
36850
36883
36931
37211
37240
37287
37335
37380
37382
37384
37386
37475
37477
37495
37545
37626
37720
37727
37729
37731
37733
37736
37739
37741
37830
37853
37855
37857
37955
37976
38038
38046
38061
38095
38097
38159
38164
38188
38198
38294
38304
38320
38384
38388
38499
38538
38583
38600
38656
38701
38798
38824
38843
38881
38886
38992
38994
39052
39183
39231
39234
39292
39307
39369
39381
39398
39400
39414
39419
39427
39435
39441
39444
39446
39449
39481
39529
39659
39703
39715
39768
39779
39869
39886
39934
40010
40033
40148
40226
40278
40337
40339
40342
40412
40414
40491
40494
40574
40581
40583
40586
40591
40614
40617
40629
40697
40723
40732
40752
40755
40815
40819
40826
40828
40851
40870
40887
40946
40952
40955
40959
40962
40966
40973
40988
41014
41025
41136
41226
41285
41336
41411
41425
41527
41566
41569
41571
41573
41575
41585
41617
41627
41699
41712
41716
41721
41724
41769
41815
41828
41831
41863
41912
41941
41997
42002
42004
42007
42009
42011
42013
42015
42018
42021
42053
42094
42163
42191
42197
42213
42217
42351
42385
42418
42422
42518
42556
42602
42632
42634
42681
42718
42721
42723
42725
42728
42730
42732
42734
42738
42740
42783
42900
42935
42938
42946
42958
43009
43177
43333
43376
43396
43415
43419
43444
43460
43482
43497
43556
43558
43560
43635
43652
43677
43679
43684
43699
43708
43744
43832
43836
43838
43853
43869
43871
43883
43897
43899
43904
43906
43908
43910
43912
43914
43917
43919
43921
43923
43928
43930
43932
43934
43936
43983
43987
44004
44022
44041
44058
44073
44100
44115
44168
44189
44191
44193
44195
44197
44199
44204
44225
44295
44301
44317
44397
44399
44421
44555
44568
44582
44587
44590
44595
44597
44613
44633
44653
44655
44657
44665
44694
44709
44729
44731
44759
44761
44788
44815
44828
44840
44849
44864
44889
44900
44911
44929
44937
44943
44947
44966
44972
44974
44978
45003
45028
45062
45074
45081
45106
45172
45175
45183
45186
45188
45192
45208
45210
45221
45335
45361
45382
45412
45431
45440
45442
45447
45499
45501
45503
45506
45517
45525
45533
45635
45658
45662
45664
45666
45668
45672
45679
45720
45722
45726
45728
45730
45732
45837
45852
45880
45891
45928
45942
45950
46034
46062
46105
46156
46322
46335
46337
46347
46430
46478
46530
46559
46561
46572
46574
46578
46604
46653
46664
46723
46772
46803
46839
46850
46855
46865
46919
46948
46959
46965
46967
46970
46972
46974
46976
47044
47084
47092
47099
47117
47122
47124
47148
47150
47152
47196
47200
47202
47254
47261
47264
47274
47287
47306
47330
47382
47384
47394
47404
47423
47446
47465
47491
47493
47503
47518
47566
47601
47610
47619
47629
47634
47640
47642
47644
47646
47670
47721
47723
47725
47728
47778
47793
47805
47808
47810
47830
47836
47894
47904
47907
47937
47940
47950
47952
47956
47970
47976
47978
47997
47999
48001
48032
48043
48045
48059
48061
48082
48123
48142
48161
48165
48167
48193
48229
48231
48262
48301
48304
48319
48322
48326
48342
48385
48389
48394
48412
48414
48416
48516
48518
48520
48522
48543
48560
48575
48591
48593
48596
48598
48600
48638
48660
48678
48682
48696
48698
48711
48738
48741
48744
48774
48780
48783
48791
48825
48856
48872
48877
48879
48883
48909
48943
48972
48982
48997
49007
49013
49085
49123
49130
49132
49200
49205
49220
49225
49263
49265
49272
49274
49276
49278
49280
49284
49286
49312
49314
49347
49355
49359
49389
49394
49396
49412
49422
49524
49526
49528
49530
49615
49642
49647
49649
49651
49666
49668
49688
49772
49793
49815
49817
49822
49824
49856
49902
49910
49917
49932
49957
49961
50003
50005
50011
50064
50066
50068
50147
50149
50153
50158
50160
50162
50183
50189
50229
50245
50259
50274
50356
50442
50445
50447
50514
50517
50533
50583
50594
50601
50615
50619
50641
50651
50658
50685
50703
50705
50740
50742
50792
50794
50796
50798
50800
50802
50804
50806
50842
50851
50858
50872
50886
50898
50909
50912
50923
50944
50954
51007
51024
51037
51044
51063
51077
51080
51082
51084
51086
51088
51091
51094
51127
51174
51187
51255
51277
51287
51312
51314
51357
51372
51380
51412
51418
51455
51471
51498
51503
51540
51545
51559
51562
51573
51575
51638
51660
51662
51666
51678
51694
51698
51705
51709
51773
51834
51847
51857
51884
51894
51903
51911
51925
51927
51931
51933
51935
51937
51939
51991
52005
52037
52042
52170
52189
52199
52227
52241
52245
52279
52281
52283
52287
52299
52319
52321
52328
52356
52375
52378
52413
52424
52435
52443
52448
52456
52458
52460
52462
52495
52528
52545
52579
52591
52604
52606
52644
52666
52668
52694
52712
52715
52717
52722
52724
52730
52767
52784
52806
52813
52831
52838
52867
52885
52927
52929
52950
52952
52967
52973
52975
53000
53002
53024
53038
53121
53123
53125
53127
53129
53138
53140
53143
53161
53189
53207
53318
53322
53326
53349
53355
53406
53435
53447
53450
53460
53464
53466
53468
53498
53519
53550
53574
53578
53592
53737
53769
53788
53827
53835
53883
53887
53894
53906
53919
53921
53953
53956
53972
53974
53988
53993
53996
53999
54001
54004
54075
54094
54116
54121
54185
54190
54193
54196
54229
54241
54248
54256
54259
54272
54274
54276
54278
54281
54286
54290
54328
54331
54372
54378
54426
54503
54510
54513
54605
54612
54621
54648
54686
54691
54732
54734
54736
54745
54768
54771
54775
54780
54785
54787
54796
54833
54881
54908
54910
54934
54962
54967
54978
54995
54997
54999
55020
55031
55052
55063
55067
55069
55071
55078
55080
55094
55098
55100
55106
55110
55116
55118
55156
55159
55167
55176
55190
55205
55207
55232
55241
55245
55247
55250
55253
55255
55257
55259
55261
55267
55269
55272
55274
55276
55278
55280
55282
55284
55286
55288
55290
55363
55402
55417
55419
55440
55442
55444
55451
55498
55517
55553
55555
55566
55577
55620
55652
55687
55721
55726
55729
55732
55765
55768
55805
55814
55820
55830
55844
55851
55854
55856
55872
55895
55901
55908
55926
55946
55955
55995
55999
56001
56003
56012
56015
56060
56069
56079
56093
56095
56098
56141
56145
56152
56156
56165
56167
56169
56171
56174
56176
56251
56274
56286
56333
56336
56339
56350
56367
56370
56372
56379
56389
56479
56508
56511
56561
56563
56587
56607
56620
56626
56633
56671
56715
56719
56744
56757
56775
56782
56786
56788
56801
56805
56846
56885
56908
56915
56921
56941
56945
56949
57069
57147
57183
57223
57243
57274
57326
57353
57368
57370
57393
57401
57421
57453
57464
57476
57502
57504
57520
57526
57528
57532
57534
57536
57538
57543
57550
57637
57640
57655
57669
57772
57792
57845
57854
57910
57951
57972
57980
58025
58047
58078
58084
58103
58105
58107
58111
58154
58156
58162
58185
58191
58223
58246
58287
58293
58295
58297
58299
58301
58303
58306
58309
58315
58332
58334
58347
58351
58365
58376
58379
58381
58404
58418
58425
58432
58485
58490
58492
58494
58554
58559
58595
58622
58627
58649
58652
58655
58706
58709
58783
58803
58806
58808
58839
58876
58879
58889
58898
58937
58964
58972
58975
58992
58998
59000
59014
59016
59018
59022
59026
59037
59040
59103
59105
59107
59118
59126
59129
59141
59143
59188
59220
59256
59258
59260
59273
59295
59306
59315
59333
59336
59339
59362
59369
59382
59387
59392
59399
59404
59418
59421
59429
59440
59485
59501
59519
59549
59590
59594
59604
59607
59615
59684
59709
59715
59721
59725
59727
59729
59731
59738
59753
59784
59810
59816
59832
59834
59846
59900
59908
59910
59912
59915
59935
59945
59976
59985
59995
60007
60020
60037
60040
60046
60069
60072
60074
60103
60126
60128
60133
60135
60137
60141
60147
60161
60201
60213
60289
60291
60293
60295
60303
60311
60322
60333
60336
60338
60341
60363
60365
60382
60384
60389
60397
60408
60418
60461
60471
60482
60487
60503
60514
60516
60522
60526
60530
60538
60551
60566
60579
60609
60625
60647
60674
60684
60735
60745
60753
60756
60758
60760
60763
60766
60803
60816
60818
60832
60857
60885
60894
60904
60937
60939
60941
60943
60948
60950
60979
60990
60992
61009
61024
61026
61037
61071
61073
61075
61100
61123
61132
61160
61167
61206
61210
61236
61240
61246
61248
61250
61255
61257
61262
61289
61319
61323
61348
61350
61352
61354
61357
61361
61394
61401
61406
61449
61465
61646
61678
61697
61705
61724
61729
61742
61816
61937
61941
61948
61967
61986
61991
62049
62081
62113
62115
62137
62155
62198
62203
62235
62245
62250
62265
62293
62331
62336
62344
62374
62376
62383
62394
62434
62437
62439
62511
62526
62553
62577
62644
62662
62718
62726
62733
62764
62792
62799
62801
62803
62834
62836
62849
62912
62956
62970
62974
62999
63033
63062
63072
63082
63113
63131
63179
63181
63189
63194
63222
63239
63276
63312
63329
63393
63433
63436
63446
63479
63481
63515
63540
63645
63676
63698
63808
63826
63828
63853
63859
63876
63992
64010
64030
64032
64034
64037
64114
64116
64167
64197
64229
64231
64249
64273
64278
64285
64321
64338
64418
64497
64499
64501
64508
64511
64575
64614
64620
64622
64695
64701
64716
64839
64900
64930
64957
64969
64983
64993
64997
65037
65088
65091
65126
65130
65133
65135
65142
65188
65193
65216
65225
65230
65235
65256
65259
65261
65310
65357
65359
65418
65435
65465
65514
65567
65577
65585
65588
65596
65601
65612
65631
65642
65660
65665
65682
65685
65709
65796
65802
65810
65813
65817
65868
65882
65894
65899
65939
65982
66019
66090
66092
66097
66118
66130
66156
66171
66198
66200
66203
66240
66279
66297
66302
66304
66310
66317
66320
66330
66335
66337
66339
66354
66365
66371
66385
66427
66509
66511
66544
66547
66596
66618
66639
66665
66691
66744
66762
66783
66785
66798
66870
66915
66934
66943
67068
67073
67087
67098
67138
67140
67168
67186
67193
67197
67223
67252
67255
67267
67295
67361
67408
67422
67429
67504
67508
67534
67618
67620
67665
67695
67734
67784
67788
67792
67799
67801
67839
67867
67907
67923
67957
67997
67999
68028
68069
68073
68099
68135
68157
68159
68173
68194
68205
68237
68263
68269
68273
68319
68324
68347
68358
68442
68444
68472
68486
68511
68519
68522
68536
68552
68554
68612
68650
68659
68685
68690
68749
68791
68793
68835
68838
68843
68848
68858
68868
68872
68874
68886
68901
68932
68941
68945
68952
68954
68956
68959
68963
68967
69027
69069
69088
69118
69122
69131
69134
69136
69140
69241
69251
69253
69275
69278
69304
69306
69324
69372
69381
69394
69406
69436
69438
69458
69481
69495
69498
69516
69524
69526
69529
69542
69574
69604
69606
69640
69644
69654
69685
69699
69712
69746
69757
69784
69805
69818
69830
69842
69844
69849
69911
69934
69945
69951
69988
69992
69995
70015
70032
70102
70133
70159
70183
70186
70201
70206
70208
70282
70286
70293
70295
70301
70305
70334
70336
70342
70344
70361
70410
70432
70451
70465
70497
70521
70533
70562
70565
70567
70597
70599
70637
70641
70643
70656
70659
70663
70670
70687
70697
70706
70708
70728
70742
70769
70802
70828
70846
70849
70862
70871
70912
70932
70946
70978
70984
70992
70994
71011
71033
71057
71106
71108
71129
71131
71135
71141
71156
71160
71178
71184
71189
71199
71205
71211
71246
71248
71252
71254
71264
71282
71304
71318
71325
71327
71379
71390
71418
71429
71438
71450
71460
71462
71464
71466
71468
71484
71494
71500
71518
71520
71530
71535
71537
71542
71550
71573
71575
71579
71619
71640
71668
71670
71688
71691
71695
71700
71732
71745
71823
71838
71867
71876
71878
71899
71902
71910
71926
71928
71991
72011
72035
72039
72043
72104
72113
72117
72129
72131
72142
72159
72165
72167
72169
72171
72176
72209
72224
72226
72228
72249
72261
72294
72308
72330
72334
72356
72367
72378
72380
72386
72393
72395
72405
72407
72479
72483
72485
72489
72491
72554
72557
72591
72601
72603
72605
72630
72641
72692
72694
72696
72701
72703
72712
72714
72720
72731
72733
72737
72741
72762
72913
72919
72921
72947
72980
72982
72998
73000
73015
73017
73023
73027
73042
73089
73101
73106
73117
73168
73183
73211
73266
73268
73270
73276
73290
73319
73321
73323
73344
73370
73392
73413
73469
73488
73494
73513
73569
73572
73587
73608
73614
73664
73681
73713
73759
73804
73808
73824
73829
73854
73860
73868
73874
73876
73881
73885
73900
73929
73983
74089
74095
74111
74131
74139
74148
74152
74154
74156
74204
74228
74275
74282
74324
74327
74370
74416
74431
74450
74452
74458
74486
74488
74504
74508
74510
74530
74532
74541
74545
74553
74573
74580
74582
74624
74649
74653
74668
74677
74685
74688
74696
74698
74727
74731
74740
74750
74754
74787
74789
74791
74795
74818
74827
74851
74868
74916
74944
74946
74948
75341
75351
75389
75395
75440
75805
75813
75983
75985
76030
76054
76060
76077
76079
76091
76093
76111
76127
76130
76151
76158
76173
76175
76210
76251
76272
76293
76301
76317
76709
76738
76755
76763
76866
77154
77177
77191
77201
77206
77233
77240
77264
77266
77293
77307
77316
77328
77330
77353
77359
77364
77414
77421
77427
77455
77496
77540
77561
77596
77629
77658
77667
77731
77788
77795
77798
77800
77833
77837
77843
77846
77854
77866
78022
78034
78039
78041
78088
78105
78116
78122
78160
78162
78174
78209
78218
78235
78245
78251
78264
78266
78313
78316
78319
78332
78349
78467
78469
78499
78517
78519
78544
78574
78633
78637
78653
78655
78679
78703
78729
78746
78759
78772
78774
78836
78856
78893
78898
79006
79008
79029
79057
79073
79091
79132
79134
79139
79185
79224
79226
79230
79242
79251
79274
79287
79293
79299
79318
79357
79428
79463
79467
79528
79533
79536
79541
79553
79572
79578
79588
79590
79592
79594
79677
79684
79695
79702
79720
79760
79796
79798
79800
79824
79832
79860
79863
79874
79879
79895
79897
79910
79929
79946
79987
80094
80111
80126
80139
80166
80181
80185
80219
80222
80241
80281
80315
80350
80363
80374
80398
80463
80469
80489
80549
80551
80553
80572
80584
80586
80588
80590
80615
80648
80693
80727
80729
80748
80775
80820
80831
80839
80844
80846
80858
80860
80862
80864
80880
80906
80917
80928
80939
80941
80969
81018
81020
81083
81090
81132
81156
81158
81180
81191
81229
81257
81276
81383
81385
81417
81424
81456
81512
81516
81535
81537
81562
81564
81568
81591
81639
81641
81725
81731
81751
81782
81784
81786
81788
81791
81804
81817
81819
81834
81845
81847
81910
81932
82037
82041
82053
82059
82093
82095
82143
82150
82152
82167
82169
82173
82202
82242
82244
82378
82447
82459
82461
82463
82499
82527
82534
82564
82589
82633
82667
82739
82744
82765
82767
82848
82852
82854
82926
82931
82934
82976
83059
83082
83086
83132
83134
83193
83219
83270
83293
83302
83318
83322
83326
83332
83349
83359
83369
83374
83411
83480
83506
83525
83613
83796
83798
83803
83827
83829
83910
83976
84116
84128
84137
84152
84154
84156
84187
84189
84236
84240
84242
84273
84312
84374
84392
84395
84407
84414
84570
84601
84613
84615
84637
84663
84696
84716
84770
84772
84775
84844
84847
84855
84880
84942
84944
84950
84952
84954
84980
85007
85020
85022
85025
85056
85072
85131
85179
85211
85213
85259
85261
85312
85316
85342
85354
85367
85372
85394
85397
85401
85412
85414
85438
85510
85540
85565
85736
85763
85774
85777
85780
85788
85790
85796
85881
85885
86000
86014
86059
86142
86190
86206
86237
86279
86290
86293
86295
86298
86320
86332
86345
86347
86355
86377
86412
86487
86504
86536
86548
86574
86578
86593
86628
86642
86644
86668
86723
86781
86815
86817
86833
86835
86852
86880
86882
86884
86892
86898
86911
86955
86973
87004
87079
87192
87194
87197
87205
87222
87232
87234
87270
87298
87304
87306
87308
87405
87413
87430
87483
87485
87520
87522
87529
87660
87785
87869
87876
87930
87960
88022
88069
88108
88118
88125
88127
88129
88140
88163
88179
88235
88237
88267
88339
88345
88349
88356
88405
88515
88593
88672
88678
88699
88701
88724
88744
88746
88785
88810
88812
88835
88837
88911
88932
88950
88954
88977
89000
89028
89030
89039
89045
89047
89072
89074
89085
89087
89090
89102
89118
89170
89190
89260
89302
89305
89321
89337
89343
89356
89369
89386
89388
89470
89480
89490
89492
89523
89535
89570
89582
89629
89638
89650
89678
89745
89753
89759
89761
89774
89780
89804
89837
89840
89846
89862
89864
89896
89900
89904
90057
90154
90249
90266
90343
90345
90350
90357
90374
90376
90378
90403
90405
90428
90430
90439
90469
90471
90474
90476
90522
90524
90528
90531
90576
90592
90600
90603
90620
90624
90630
90645
90647
90717
90719
90738
90746
90809
90863
90866
90888
90890
90899
90914
90929
90933
90943
90945
90947
91077
91079
91094
91104
91126
91128
91134
91199
91233
91273
91290
91323
91325
91386
91414
91474
91485
91488
91500
91505
91515
91529
91535
91542
91548
91571
91622
91628
91630
91653
91658
91660
91673
91681
91690
91707
91752
91808
91821
91842
91844
91869
91886
91888
91890
91902
91947
91972
91974
91976
91978
92008
92048
92152
92192
92198
92210
92234
92236
92243
92259
92264
92309
92335
92391
92420
92422
92439
92475
92494
92496
92498
92500
92507
92509
92535
92643
92681
92694
92904
92920
92938
92954
93006
93040
93134
93164
93212
93242
93265
93270
93272
93287
93297
93320
93324
93326
93363
93404
93420
93422
93432
93443
93457
93475
93498
93502
93510
93512
93563
93598
93721
93723
93740
93748
93750
93766
93790
93805
93819
93831
93838
93840
93855
93892
93933
93939
93980
93982
93988
94015
94018
94024
94070
94074
94109
94126
94130
94150
94266
94323
94325
94401
94405
94410
94466
94469
94478
94503
94558
94677
94752
94777
94780
94799
94810
94833
94841
94864
94896
94931
94939
94953
94959
94969
94974
94985
95002
95004
95058
95067
95088
95105
95135
95149
95167
95199
95201
95207
95218
95237
95307
95309
95311
95313
95375
95377
95441
95443
95446
95449
95488
95508
95510
95543
95558
95567
95583
95604
95654
95720
95744
95761
95804
95839
95856
95858
95873
95875
95939
96020
96062
96075
96079
96110
96121
96150
96281
96304
96314
96367
96373
96411
96417
96430
96432
96467
96488
96490
96501
96563
96565
96567
96588
96592
96606
96610
96612
96616
96655
96662
96667
96691
96693
96700
96728
96737
96751
96811
96815
96821
96829
96832
96857
96861
96863
96868
96911
96917
96966
96969
96975
96991
97024
97057
97168
97172
97188
97225
97230
97304
97306
97311
97326
97328
97393
97395
97639
97648
97673
97744
97752
97757
97779
97832
97836
97860
97866
97870
97904
97913
97921
97923
97933
97936
97938
97950
97957
97959
97984
98017
98056
98083
98122
98124
98154
98193
98203
98230
98239
98243
98296
98361
98369
98373
98491
98585
98604
98607
98795
98797
98809
98836
98956
98961
98973
98975
99007
99030
99087
99106
99112
99114
99117
99145
99149
99220
99305
99437
99468
99470
99530
99532
99574
99728
99750
99764
99795
99811
99813
99910
99912
99917
99957
99986
99996
100083
100089
100106
100108
100138
100159
100163
100165
100244
100272
100302
100326
100344
100356
100383
100390
100436
100440
100444
100450
100487
100498
100507
100527
100538
100553
100556
100581
100617
100714
100737
100745
100810
100843
101025
101070
101074
101076
101088
101106
101112
101137
101142
101186
101207
101283
101285
101296
101360
101362
101415
101498
101525
101527
101529
101577
101612
101739
101741
101850
101864
101893
101895
101942
101962
101973
102033
102058
102062
102070
102072
102084
102088
102123
102125
102194
102217
102407
102445
102481
102588
102666
102684
102686
102716
102720
102753
102792
102800
102819
102880
102903
102993
103027
103042
103048
103075
103083
103107
103137
103141
103219
103228
103235
103249
103253
103255
103275
103279
103299
103306
103315
103319
103335
103339
103341
103366
103372
103384
103444
103474
103483
103539
103541
103554
103606
103621
103624
103639
103655
103659
103688
103755
103772
103801
103810
103849
103867
103883
103980
103984
104069
104074
104078
104089
104129
104137
104211
104218
104241
104243
104245
104272
104283
104303
104312
104337
104339
104361
104374
104419
104441
104457
104520
104636
104712
104841
104863
104879
104881
104906
104908
104913
104925
104944
105037
105197
105211
105213
105246
105250
105254
105355
105420
105429
105468
105504
105531
105585
105593
105653
105731
105742
105755
105769
105835
105844
105869
105954
106002
106011
106022
106030
106062
106072
106100
106144
106163
106195
106204
106330
106332
106438
106441
106452
106487
106489
106491
106503
106540
106642
106696
106749
106762
106766
106782
106785
106839
106841
106889
106916
106918
106920
106983
107024
107042
107057
107069
107141
107196
107314
107348
107406
107649
107718
107771
107883
107978
107980
108188
108190
108192
108501
108540
108548
108583
108689
108709
108715
108727
108729
108778
108780
108825
108928
108932
108945
108949
108977
108979
108981
108983
109157
109161
109187
109191
109243
109374
109483
109487
109569
109578
109673
109687
109740
109742
109846
109848
109850
109864
109895
109968
110102
110110
110127
110194
110297
110407
110445
110453
110461
110501
110553
110566
110586
110591
110655
110675
110718
110730
110771
110796
110809
110873
110882
111113
111235
111249
111360
111362
111364
111384
111436
111443
111529
111617
111622
111659
111661
111743
111759
111778
111795
111921
112006
112087
112138
112171
112175
112183
112290
112316
112334
112370
112399
112421
112515
112552
112556
112582
112623
112788
112804
112818
112852
112868
112897
112911
112940
112946
113064
113207
113225
113240
113252
113275
113278
113315
113345
113348
113378
113453
113532
113573
113604
113705
113741
113780
113829
113862
114007
114028
114060
114066
114074
114082
114180
114246
114265
114342
114552
114554
114601
114662
114678
114707
114762
114795
114818
114847
114935
115122
115149
115170
115210
115231
115569
115617
115664
115667
115881
116136
116138
116161
116397
116797
116799
116823
116887
116897
116977
117109
117123
117176
117192
117364
117444
117533
117590
117851
117867
117881
117887
118696
118700
118702
118880
118888
118890
118896
118898
118900
118930
118985
118997
119068
119141
119145
120138
120466
120635
125916
126426
127098
128320
129354
130490
